# x,y,z, vx, vy, vz, mass, t_birth, dummy, particle_type, particle_tag, explosion_time
-193.81064   67.81504  -81.54011    0.00000    0.00000    0.00000   21.68860    9.00025 0 6 -69   19.00025
-186.91780   63.37211  -93.98576    0.00000    0.00000    0.00000   21.68860    8.00050 0 6 -69   18.00050
 -80.00089 -373.11716  -11.90466    0.00000    0.00000    0.00000   21.68860    8.96103 0 6 -69   18.96103
 -81.74627 -384.58497  -13.96313    0.00000    0.00000    0.00000   21.68860    7.92206 0 6 -69   17.92206
 -92.89487 -386.99252  -20.36655    0.00000    0.00000    0.00000   21.68860    6.88309 0 6 -69   16.88309
 -86.24035 -388.17895   -0.27190    0.00000    0.00000    0.00000   21.68860    5.84412 0 6 -69   15.84412
 -63.80063 -392.06269  -19.00279    0.00000    0.00000    0.00000   21.68860    4.80515 0 6 -69   14.80515
-254.82859 -133.98317 -103.59673    0.00000    0.00000    0.00000   21.68860    8.99820 0 6 -69   18.99820
-241.37863 -105.22587 -111.09173    0.00000    0.00000    0.00000   21.68860    7.99639 0 6 -69   17.99639
-233.13246 -113.99838 -100.04252    0.00000    0.00000    0.00000   21.68860    6.99459 0 6 -69   16.99459
  22.73643 -236.12689   78.91226    0.00000    0.00000    0.00000   21.68860    9.54265 0 6 -69   19.54265
 179.35382   22.02188  -58.71323    0.00000    0.00000    0.00000   21.68860    9.95453 0 6 -69   19.95453
 153.62820   32.65468  -30.52944    0.00000    0.00000    0.00000   21.68860    9.49799 0 6 -69   19.49799
-143.44571  248.45526   87.71151    0.00000    0.00000    0.00000   21.68860    9.60100 0 6 -69   19.60100
-270.11688 -114.65781   62.37351    0.00000    0.00000    0.00000   21.68860    8.51190 0 6 -69   18.51190
 -30.25990 -287.90370  -17.19885    0.00000    0.00000    0.00000   21.68860    9.97317 0 6 -69   19.97317
 290.26120  -30.50768 -193.17794    0.00000    0.00000    0.00000   21.68860    9.94336 0 6 -69   19.94336
 -94.55816 -255.62393  125.36012    0.00000    0.00000    0.00000   21.68860    9.98847 0 6 -69   19.98847
-170.89781   98.66790  235.17564    0.00000    0.00000    0.00000   21.68860    5.23994 0 6 -69   15.23994
-146.44050   90.54946  114.91290    0.00000    0.00000    0.00000   21.68860    9.98402 0 6 -69   19.98402
-134.03122  147.24675  141.03201    0.00000    0.00000    0.00000   21.68860    9.74496 0 6 -69   19.74496
-285.88919  298.53942  259.39465    0.00000    0.00000    0.00000   21.68860    9.85187 0 6 -69   19.85187
-648.42852  510.44621  381.13792    0.00000    0.00000    0.00000   21.68860    9.97511 0 6 -69   19.97511
